nan 0.400000
nan 0.100000
nan 0.500000
89.100000 nan
78.400000 0.300000
nan nan
nan nan
61.000000 nan
nan 0.300000
nan nan
nan nan
nan nan
nan 0.200000
64.900000 nan
nan nan
nan 0.400000
nan 0.200000
nan nan
nan nan
76.400000 0.400000
21.800000 0.100000
nan 0.100000
nan 0.100000
nan nan
nan nan
nan 1.700000
nan nan
54.900000 0.200000
nan nan
nan nan
nan 0.100000
nan nan
nan nan
nan nan
nan 1.300000
nan 0.200000
nan nan
nan nan
nan 1.100000
nan nan
65.600000 nan
nan 0.200000
nan nan
nan 23.300000
nan nan
nan nan
nan 0.100000
16.200000 1.200000
21.900000 1.600000
nan 0.600000
50.500000 0.800000
nan 4.300000
nan nan
nan nan
15.200000 5.000000
4.800000 1.500000
nan nan
nan 0.300000
79.100000 0.400000
nan 0.100000
17.700000 1.100000
nan 3.200000
82.200000 0.300000
nan 3.700000
nan 0.100000
77.800000 0.200000
nan nan
nan nan
nan nan
nan nan
nan 1.700000
nan nan
73.000000 1.300000
nan 0.300000
nan 0.100000
nan 0.700000
nan 5.600000
8.400000 0.900000
nan nan
65.200000 27.600000
nan 1.400000
nan nan
31.770000 0.100000
nan nan
nan nan
nan 4.200000
13.300000 1.800000
53.400000 0.100000
nan 1.900000
nan nan
nan nan
nan nan
nan nan
nan nan
nan 0.400000
nan 1.600000
14.200000 3.900000
nan 1.400000
nan 2.200000
nan 0.400000
nan nan
nan nan
nan nan
77.400000 0.100000
nan nan
73.262662 0.100000
61.443378 nan
nan nan
nan 1.500000
nan nan
nan 0.100000
nan 5.700000
nan nan
70.600000 nan
nan nan
nan nan
nan 0.100000
nan 0.300000
nan 0.300000
nan 0.100000
nan 24.200000
nan 2.200000
nan 0.100000
nan nan
nan 0.100000
nan nan
nan nan
nan 0.100000
46.100000 10.600000
nan 0.400000
nan nan
9.400000 1.400000
nan nan
nan nan
nan 0.400000
nan 1.300000
nan nan
nan 0.600000
nan nan
54.900000 0.100000
nan 0.100000
nan 0.100000
nan 11.900000
46.000000 0.800000
nan 12.800000
nan nan
nan 0.200000
nan nan
nan 0.100000
nan 0.200000
18.000000 0.400000
nan 1.300000
nan nan
nan nan
nan nan
nan 0.100000
nan 0.100000
22.260000 nan
nan nan
nan 0.700000
nan 0.500000
74.400000 0.300000
nan 0.100000
nan nan
nan nan
nan nan
nan nan
nan 0.100000
51.600000 3.200000
nan nan
nan nan
nan nan
nan 0.600000
60.800000 0.100000
nan nan
11.000000 1.600000
nan 0.300000
nan nan
nan nan
nan nan
nan nan
nan 0.200000
nan 18.200000
4.000000 2.400000
nan 0.100000
nan nan
nan nan
nan nan
nan nan
9.100000 0.200000
47.600000 1.400000
nan nan
53.900000 0.100000
nan 0.100000
34.400000 5.100000
nan 1.500000
22.300000 0.100000
15.200000 2.800000
31.500000 nan
nan 1.100000
nan 0.100000
nan nan
nan nan
nan nan
nan 6.800000
nan 0.900000
nan nan
nan nan
nan 0.100000
nan nan
74.991247 0.700000
78.000000 0.400000
nan nan
52.500000 nan
nan 0.100000
nan 12.400000
nan 15.100000
52.000213 0.123759
57.751526 1.371928
nan nan
55.662436 nan
80.779968 nan
81.013814 nan
81.144637 nan
nan nan
68.981369 nan
63.690846 nan
62.431424 nan
nan nan
27.263743 1.784466
25.601040 2.761624
nan nan
70.330715 nan
61.950688 nan
26.193365 1.657014
35.609494 2.279637
32.554210 2.040090
83.277888 nan
nan 0.508827
nan 0.514534
nan 0.516017
34.292294 2.399809
62.101492 nan
26.376452 2.167438
50.316231 nan
63.351426 0.104542
63.775145 0.104598
63.900698 0.104598
65.294216 nan
76.400000 0.400000
nan nan
75.233192 nan
nan 9.939426
nan nan
76.083926 nan
21.916253 2.877746
nan 7.526525
52.084085 nan
52.084085 nan
23.187086 4.231719
23.187086 4.236573
23.187086 4.231719
79.871068 nan
63.538531 0.700000
